0 0.754717 0.715789 0.150943 0.147368 0.302302
0 0.715094 0.139474 0.109434 0.0578947 0.310029
0 0.556604 0.0631579 0.116981 0.0421053 0.358115
0 0.564151 0.115789 0.101887 0.0526316 0.387442
0 0.649057 0.35 0.286792 0.121053 0.515825
0 0.439623 0.0842105 0.0867925 0.0526316 0.540624
0 0.792453 0.589474 0.241509 0.147368 0.59523
0 0.807547 0.478947 0.218868 0.115789 0.603274
0 0.398113 0.152632 0.139623 0.0736842 0.640536
0 0.569811 0.176316 0.135849 0.0684211 0.665913
0 0.64717 0.25 0.124528 0.0578947 0.73151
0 0.424528 0.439474 0.358491 0.257895 0.734371
0 0.179245 0.747368 0.328302 0.2 0.82824
